-2.3861763
-1.8998168
-1.6305171
-1.45761
-1.3135244
-1.2095046
-1.1057488
-1.024914
-0.9488659
-0.8817001
-0.83555585
-0.7928741
-0.72860175
-0.7057436
-0.6628125
-0.63401324
-0.5960824
-0.5609349
-0.5287495
-0.48974237
-0.4769877
-0.44040513
-0.42719898
-0.39772093
-0.37000063
-0.35363412
-0.33690968
-0.31837842
-0.29178917
-0.2785998
-0.25538635
-0.2398887
-0.22089231
-0.2110636
-0.18959059
-0.17702658
-0.15725009
-0.15181588
-0.13195577
-0.11416793
-0.09887758
-0.08538564
-0.079657026
-0.075296134
-0.04747063
-0.04477336
-0.040929448
-0.023238953
3.6430164e-4
-0.0041929763
0.0038185741
0.017654726
0.040224824
0.050828032
0.056542072
0.06742722
0.072670706
0.082207724
0.09143316
0.10454984
0.11493955
0.11610774
0.12400988
0.12389053
0.14378878
0.14011677
0.1463419
0.15691714
0.170557
0.18797114
0.19246204
0.19669172
0.2030041
0.202904
0.22186276
0.22503455
0.22864802
0.23115554
0.24683776
0.25226486
0.26033533
0.26452845
0.27014005
0.28018615
0.28171098
0.2981468
0.28882694
0.30701888
0.30676824
0.3114463
0.3202014
0.32421473
0.33135828
0.33859313
0.34170282
0.34798542
0.34780657
0.36821234
0.36946377
0.3660754
0.37684444
0.38305727
0.38291165
0.38789675
0.39048097
0.40505475
0.40403754
0.40994102
0.41980729
0.41469467
0.43232846
0.4305377
0.4340877
0.43380752
0.4528401
0.4450687
0.44817743
0.4555385
0.45857173
0.46105078
0.47491318
0.4686211
0.48208302
0.492181
0.48955807
0.48003846
0.50505793
0.4954895
0.5016919
0.5079565
0.510425
0.5080039
0.5227546
0.52523196
0.5282529
0.53096336
0.52672386
0.5397137
0.5418678
0.54046595
0.5432125
0.5471551
0.55389756
0.55780995
0.55532974
0.55786765
0.5689361
0.5818221
0.573637
0.58194757
0.57778585
0.5914501
0.5813797
0.59918
0.60172296
0.59483284
0.604513
0.59531873
0.60307163
0.6183808
0.61254835
0.61973876
0.61653435
0.62814313
0.6326055
0.6367635
0.63261163
0.641923
0.65052634
0.64507085
0.6498854
0.6525686
0.65203863
0.65090144
0.6573867
0.6601013
0.6683811
0.6702444
0.6653151
0.66972
0.67209834
0.68440306
0.6764487
0.68827623
0.70155245
0.6891114
0.6928011
0.6964728
0.7059491
0.7030888
0.6969934
0.70976985
0.71503294
0.72096676
0.7207662
0.71660984
0.725148
0.720956
0.7318715
0.7270545
0.73192966
0.7297152
0.7414668
0.73956996
0.7439978
0.74719155
0.74618536
0.7554284
0.7497786
0.75873333
0.7657843
0.7730594
0.7670996
0.7552844
0.7669886
0.7679439
0.76842785
0.77127224
0.78233
0.7749797
0.7843
0.7773629
0.78430897
0.79253036
0.79326993
0.78465515
0.78694344
0.80578613
0.79893637
0.8008308
0.808098
0.8039239
0.80747336
0.8107358
0.81370443
0.8117094
0.81783175
0.8217449
0.8248109
0.8255907
0.8263586
0.81728286
0.8310972
0.83387136
0.83789676
0.84075755
0.84284335
0.8404627
0.85152596
0.837783
0.842287
0.8557876
0.84334385
0.8528042
0.8586836
0.8586305
0.85939324
0.86382246
0.8604121
0.8637746
0.86073506
0.8644085
0.8771069
0.87987256
0.87797207
0.87583655
0.88017225
0.8860561
0.8907625
0.87930214
0.873926
0.89109075
0.88048464
0.898035
0.88759923
0.89619356
0.8941126
0.89251053
0.9024671
0.9142511
0.90233254
0.9029293
0.9132342
0.9222796
0.90611476
0.91426903
0.9210072
0.9253034
0.9259758
0.9167579
0.91742444
0.92251503
0.92006844
0.9356743
0.931039
0.9341388
0.9423539
0.94123787
0.93380517
0.9403191