0.5984
0.5946
0.5874
0.6004
0.5938
0.5848
0.586
0.5976
0.5912
0.5888
0.5962
0.5938
0.5948
0.59
0.585
0.5924
0.593
0.595
0.589
0.5934
0.599
0.5926
0.5942
0.596
0.608
0.5926
0.5982
0.6
0.5946
0.5874
0.5958
0.606
0.5936
0.584
0.5994
0.607
0.592
0.5856
0.5936
0.5942
0.601
0.5912
0.586
0.5892
0.5844
0.6034
0.6062
0.5844
0.5896
0.5854
0.5956
0.5988
0.5854
0.5858
0.5836
0.5954
0.5822
0.5866
0.5858
0.6044
0.5966
0.5836
0.588
0.5838
0.5916
0.5954
0.5884
0.5946
0.5974
0.5924
0.5922
0.6002
0.5836
0.5912
0.5912
0.5984
0.5946
0.5902
0.5936
0.598
0.5974
0.5804
0.5888
0.591
0.6012
0.6064
0.5926
0.5974
0.5998
0.592
0.5992
0.6002
0.6054
0.5964
0.5858
0.587
0.591
0.5966
0.5848
0.5904
0.6066
0.6
0.6032
0.5892
0.5976
0.5954
0.6084
0.5878
0.6004
0.6106
0.602
0.5926
0.598
0.6046
0.5988
0.59
0.6002
0.5962
0.5928
0.5994
0.5972
0.6014
0.5946
0.589
0.5832
0.5898
0.605
0.6028
0.5916
0.5954
0.6018
0.5862
0.5916
0.5892
0.5938
0.5982
0.5936
0.5962
0.5798
0.5812
0.592
0.597
0.582
0.5958
0.6034
0.5874
0.5916
0.5922
0.6002
0.5926
0.5968
0.5938
0.588
0.5938
0.5888
0.597
0.593
0.5972
0.5992
0.5924
0.596
0.593
0.601
0.5964
0.6026
0.598
0.5894
0.602
0.6064
0.5902
0.5942
0.5952
0.5962
0.598
0.602
0.5902
0.59
0.5852
0.5968
0.5972
0.592
0.599
0.5998
0.585
0.596
0.601
0.5956
0.5932
0.5966
0.5956
0.5884
0.5924
0.5904
0.592
0.6016
0.5962
0.6012
0.5988
0.5978
0.5866
0.606
0.5964
0.5762
0.6006
0.5978
0.5926
0.5916
0.604
0.5796
0.6108
0.597
0.5954
0.5862
0.587
0.5856
0.6016
0.5938
0.5928
0.5996
0.6
0.5926
0.5946
0.5934
0.6042
0.5892
0.592
0.5848
0.6004
0.6028
0.5964
0.5872
0.5972
0.5908
0.5954
0.5858
0.5882
0.6004
0.5992
0.604
0.606
0.5898
0.594
0.593
0.6032
0.5892
0.5874
0.5974
0.5916
0.5926
0.606
0.5956
0.5944
0.588
0.5908
0.5974
0.5888
0.5966
0.5856
0.5916
0.6036
0.5968
0.5882
0.5996
0.6
0.609
0.598
0.5872
0.5936
0.5882
0.5928
0.593
0.584
0.607
0.5874
0.5946
0.5932
0.5944
0.577
0.5846
0.6012
0.5876
0.5854
0.5872
0.596
0.577
0.6036
0.6006
0.587
0.5954
0.581
0.5976
0.5902
0.584
0.6058
0.5992
0.6126
0.5932
0.593
0.595
0.5962