0.24606785
0.3048207
0.32332313
0.36105862
0.38090828
0.4102331
0.44172838
0.4503982
0.47282428
0.47768164
0.49355128
0.50883955
0.5294459
0.5332648
0.5558544
0.559783
0.5735429
0.5910513
0.60244805
0.6045523
0.6145925
0.629361
0.6435959
0.64589614
0.6533831
0.65839875
0.6736333
0.67543393
0.68591297
0.6994142
0.69838864
0.71026325
0.7160772
0.7221608
0.7263287
0.7337944
0.7385531
0.7479006
0.76235193
0.764189
0.76810056
0.7744129
0.77844495
0.79280657
0.79262567
0.7934164
0.8030043
0.81335783
0.8131428
0.82377785
0.8308173
0.8251714
0.8419953
0.8428857
0.84681886
0.85611993
0.8571283
0.8627292
0.8675499
0.87177676
0.8723481
0.8745388
0.88169533
0.8921908
0.8943114
0.89818007
0.9015792
0.90812653
0.9134812
0.91567117
0.9239571
0.9210387
0.93268216
0.9315845
0.9397976
0.9400765
0.9495664
0.94966847
0.9506337
0.95106834
0.95703757
0.96534824
0.9709488
0.9686623
0.97080487
0.9780199
0.9795982
0.9849996
0.9925332
0.9940776
1.0009123
0.9988035
1.0025865
1.0048018
1.0077144
1.012211
1.0127783
1.0209548
1.0215197
1.0271655
1.0324714
1.0327526
1.0393215
1.0419103
1.0429399
1.0435987
1.0505209
1.0530697
1.0525364
1.058512
1.0631919
1.065356
1.0739927
1.0690912
1.0763193
1.0751898
1.0825882
1.0851016
1.0873764
1.0858014
1.0923781
1.0935053
1.0945114
1.0959632
1.1063563
1.1004432
1.1094886
1.1094227
1.1100496
1.1134021
1.1133171
1.11781
1.1242957
1.1283672
1.1298096
1.1325138
1.1394733
1.1375625
1.138934
1.1459596
1.1499768
1.1499523
1.1508349
1.1515776
1.1551496
1.1586447
1.1593057
1.1601535
1.1630619
1.1663715
1.167502
1.1721456
1.1768385
1.179103
1.1803309
1.1775796
1.1903063
1.1857152
1.1884016
1.187702
1.1916593
1.1901665
1.201421
1.1997621
1.2003247
1.2010157
1.2042801
1.2090226
1.2137659
1.2103455
1.216392
1.2180914
1.2179255
1.2219279
1.2223912
1.2232971
1.2257282
1.2256274
1.229566
1.2342777
1.235237
1.235598
1.2407207
1.2411934
1.2461836
1.2472044
1.2456439
1.2493457
1.2525976
1.2542123
1.2554096
1.2554071
1.2595037
1.2617201
1.2626944
1.2602586
1.2671683
1.27427
1.2705963
1.2742097
1.2756529
1.275952
1.277054
1.2828202
1.283593
1.2875128
1.2878509
1.2909065
1.291112
1.2924418
1.2906213
1.2943887
1.2968402
1.2997365
1.2983619
1.3019655
1.3030975
1.3024203
1.3073887
1.3085108
1.3117516
1.314071
1.3116171
1.3170439
1.3180548
1.315935
1.3235734
1.3233788
1.3256843
1.3282216
1.3284004
1.3297982
1.3354669
1.3336445
1.3355111
1.3389417
1.3357886
1.3423421
1.3405579
1.344384
1.3403637
1.3469311
1.3474604
1.350366
1.3506846
1.3540914
1.3539084
1.3546411
1.359127
1.3551167
1.3637259
1.3648981
1.363738
1.3668518
1.3669962
1.3687701
1.3719149
1.3715569
1.3723632
1.373104
1.3737434
1.3782033
1.3788664
1.3849803
1.382811
1.3836521
1.3841761
1.388654
1.3869362
1.3892475
1.3932184
1.3927194
1.3935449
1.3969178
1.3982112
1.3972797
1.4023545
1.400149
1.402643
1.403694
1.4059818
1.4057823
1.4071966
1.4088758
1.4106117
1.4087616
1.4119519
1.4152355
1.4156138
1.4165863
1.4212297
1.420169
1.4225194
1.4226662
1.4250793
1.425338
1.4267718
1.4283159
1.4313124
1.431717