0.6028
0.6048
0.6332
0.6236
0.6316
0.6374
0.6504
0.6534
0.6496
0.6634
0.657
0.6584
0.66
0.677
0.6848
0.6772
0.691
0.695
0.6942
0.7002
0.6996
0.7094
0.691
0.7092
0.7224
0.7216
0.7206
0.7248
0.735
0.733
0.7234
0.7394
0.7362
0.7452
0.751
0.7528
0.7412
0.751
0.7618
0.7558
0.7474
0.769
0.7616
0.7678
0.7636
0.7754
0.7868
0.779
0.7806
0.7858
0.779
0.7912
0.7934
0.8006
0.801
0.8066
0.7946
0.801
0.8106
0.811
0.8116
0.811
0.8248
0.8158
0.8166
0.8194
0.8282
0.82
0.828
0.8208
0.8356
0.8354
0.841
0.8312
0.8314
0.8352
0.841
0.833
0.848
0.8346
0.8364
0.8452
0.845
0.8544
0.8574
0.851
0.8512
0.8668
0.8652
0.8614
0.8486
0.8638
0.8548
0.8612
0.8616
0.8628
0.874
0.8622
0.8778
0.8724
0.8754
0.8752
0.8746
0.8764
0.8764
0.8812
0.8864
0.8854
0.8864
0.8832
0.8822
0.8902
0.8846
0.8838
0.8914
0.885
0.8922
0.8954
0.8898
0.892
0.896
0.9024
0.9012
0.898
0.905
0.898
0.8998
0.9022
0.902
0.8946
0.905
0.9024
0.9074
0.9118
0.9108
0.9136
0.9178
0.913
0.9132
0.912
0.9084
0.915
0.9152
0.9196
0.9174
0.9124
0.9152
0.9248
0.9196
0.924
0.925
0.9244
0.918
0.9166
0.9144
0.9252
0.9248
0.9306
0.9226
0.9288
0.9246
0.9248
0.9354
0.936
0.9274
0.936
0.9318
0.9212
0.9304
0.9358
0.936
0.9346
0.9294
0.9358
0.9428
0.9398
0.9348
0.9344
0.9452
0.9396
0.9358
0.9426
0.9412
0.9434
0.9426
0.9434
0.942
0.9426
0.9462
0.9388
0.9396
0.9518
0.9438
0.9456
0.9494
0.9436
0.948
0.9438
0.9516
0.9456
0.9384
0.9464
0.9464
0.9446
0.9454
0.9496
0.9514
0.9538
0.952
0.954
0.9496
0.9508
0.9502
0.9516
0.9532
0.952
0.9544
0.9526
0.9544
0.9536
0.9498
0.953
0.955
0.9544
0.9564
0.9554
0.9608
0.956
0.9552
0.9604
0.9566
0.9552
0.9584
0.9544
0.9582
0.9534
0.9612
0.96
0.963
0.9538
0.9596
0.9552
0.9616
0.957
0.9562
0.9638
0.9608
0.9612
0.964
0.9586
0.9614
0.962
0.964
0.962
0.964
0.9578
0.9598
0.962
0.965
0.9638
0.9612
0.9628
0.9584
0.9606
0.9676
0.9606
0.9654
0.967
0.9648
0.9714
0.9676
0.965
0.9728
0.9676
0.9622
0.9686
0.9652
0.9694
0.9682
0.9664
0.9678
0.9642
0.9662
0.9674
0.9714
0.965
0.9666
0.9662
0.9668
0.9738
0.9678
0.9644
0.965
0.9648
0.9714
0.9718
0.9708
0.9746
0.97
0.9672