-2.3878229
-1.7647045
-1.4539562
-1.2670637
-1.1115208
-0.9965848
-0.9045699
-0.81286204
-0.73778474
-0.6818051
-0.6232007
-0.5778515
-0.51887137
-0.48561627
-0.44700858
-0.404668
-0.36982587
-0.34372768
-0.30318892
-0.27613273
-0.24414094
-0.21699107
-0.19629897
-0.17253372
-0.14904062
-0.1276676
-0.10748463
-0.08710228
-0.070463836
-0.048069015
-0.034487247
-0.014118202
-3.104409e-5
0.017222082
0.036948957
0.052896794
0.061925348
0.07633051
0.113925315
0.11642452
0.13238232
0.13351396
0.15334244
0.16013604
0.17873217
0.18802336
0.19720557
0.20552446
0.21263406
0.23546055
0.24806507
0.25056255
0.25980225
0.2744232
0.28610563
0.29374215
0.3073528
0.31456822
0.3230014
0.33917415
0.33669236
0.35022852
0.35873768
0.3656806
0.37173644
0.37293082
0.39117745
0.3948878
0.41503125
0.4129843
0.42991483
0.4227978
0.44358185
0.44348097
0.45134816
0.45768636
0.46398106
0.4735619
0.47721958
0.48920855
0.491336
0.4992532
0.5004455
0.51523817
0.51523995
0.5215324
0.5271655
0.53537923
0.53320694
0.547435
0.5566488
0.5705687
0.56208384
0.5682136
0.57449985
0.5771765
0.5906213
0.58234274
0.5982201
0.6111433
0.6036328
0.61476076
0.6061778
0.61793935
0.6274182
0.6281997
0.6442262
0.6477882
0.65705526
0.6536696
0.6612901
0.66326296
0.6731446
0.67137104
0.6826942
0.6917422
0.68384176
0.691425
0.6968595
0.70627505
0.7135756
0.708385
0.70967305
0.7112625
0.71290165
0.72824764
0.72389555
0.7410787
0.7421697
0.74975866
0.7496351
0.7487232
0.750799
0.7518004
0.76216304
0.7662185
0.76681125
0.77419484
0.77499247
0.7786115
0.7837837
0.78008056
0.7956394
0.797246
0.7934529
0.7983324
0.8050289
0.81411713
0.81668234
0.8132793
0.82477844
0.81843853
0.83709407
0.82400507
0.83621925
0.83967334
0.84872234
0.8376335
0.8416477
0.8573924
0.8598879
0.8526102
0.85928977
0.8687978
0.8628837
0.86374044
0.8687146
0.86288536
0.8815169
0.8751449
0.8816166
0.8903961
0.87870723
0.89269465
0.9094685
0.90285265
0.9103546
0.9083332
0.9157374
0.9187958
0.91209424
0.92162657
0.91010314
0.91330916
0.92407763
0.92858905
0.92458224
0.93411964
0.9361378
0.937796
0.94603634
0.93758684
0.95200574
0.9575289
0.9556158
0.9564071
0.95048094
0.95955217
0.95906895
0.97154427
0.97476435
0.9764921
0.97807384
0.97778594
0.9619809
0.97631425
0.9833056
0.9865961
0.99759376
0.9920604
0.99429256
1.0007424
1.0006803
0.99394065
0.9959319
1.0084809
0.9971745
1.0106155
1.0167009
1.0162904
1.0149693
1.0255276
1.0248048
1.0237082
1.0237668
1.0257093
1.0369062
1.036839
1.0404305
1.0287057
1.0448208
1.041693
1.0466533
1.0434802
1.0573375
1.0565408
1.0590074
1.0615
1.0517532
1.0563351
1.0554382
1.0601498
1.0638295
1.0736898
1.0682185
1.0819786
1.0805539
1.0763272
1.0816084
1.0861332
1.0768753
1.0804205
1.0923048
1.0868268
1.0992775
1.0894
1.1030996
1.1059495
1.1082025
1.1094332
1.104546
1.1145693
1.1142125
1.1023723
1.1136336
1.1131519
1.1178082
1.1212306
1.1191878
1.1273253
1.1300019
1.1238006
1.1342225
1.1323478
1.1398326
1.1294155
1.1315451
1.128223
1.1365623
1.1381495
1.1423018
1.1450088
1.146209
1.1507765
1.1522516
1.148242
1.1631445
1.1546597
1.1606328
1.1543905
1.16718
1.1670498
1.1700531
1.1647875
1.1666852
1.179305
1.1720984
1.1602793
1.1877793
1.170284