0.5992
0.6128
0.6188
0.6308
0.6362
0.6342
0.6474
0.6484
0.6514
0.6422
0.6394
0.6358
0.6514
0.6482
0.6484
0.6524
0.6568
0.6488
0.6508
0.6628
0.6574
0.6518
0.662
0.6522
0.6608
0.6734
0.6644
0.6566
0.6584
0.6584
0.6758
0.6586
0.6652
0.6648
0.6706
0.66
0.6664
0.6674
0.6608
0.6652
0.665
0.667
0.662
0.6674
0.6742
0.6682
0.6738
0.6624
0.6626
0.672
0.6796
0.6708
0.6638
0.6522
0.6764
0.668
0.6664
0.6672
0.6726
0.6722
0.6654
0.6742
0.6704
0.6706
0.6766
0.6702
0.6778
0.6794
0.6696
0.6666
0.6774
0.6736
0.6766
0.6592
0.6704
0.6636
0.6824
0.6824
0.6764
0.677
0.6724
0.6744
0.6546
0.6704
0.6652
0.6672
0.6666
0.6674
0.6762
0.6634
0.6868
0.678
0.6728
0.684
0.667
0.6742
0.671
0.6814
0.673
0.6718
0.6802
0.6784
0.6696
0.6618
0.6928
0.6816
0.6888
0.6716
0.6736
0.6764
0.683
0.678
0.6782
0.672
0.6808
0.6774
0.6742
0.675
0.6816
0.6774
0.6722
0.6722
0.677
0.6814
0.6788
0.6768
0.6706
0.6832
0.6884
0.6798
0.6762
0.685
0.6758
0.674
0.6704
0.6738
0.658
0.6758
0.6742
0.6762
0.6636
0.6878
0.6874
0.6688
0.6744
0.6824
0.6898
0.673
0.676
0.6748
0.6794
0.6744
0.679
0.6686
0.6766
0.6664
0.6716
0.68
0.684
0.6738
0.6842
0.6936
0.6824
0.672
0.6872
0.6734
0.665
0.6718
0.68
0.6758
0.6712
0.6876
0.672
0.667
0.683
0.677
0.68
0.6786
0.6846
0.679
0.6674
0.6742
0.67
0.6794
0.6732
0.6862
0.6748
0.6846
0.6724
0.6838
0.6794
0.6772
0.6898
0.6702
0.6718
0.6756
0.6804
0.685
0.6736
0.6728
0.688
0.6812
0.6752
0.6762
0.6742
0.679
0.6774
0.6852
0.6812
0.6716
0.676
0.666
0.674
0.6716
0.6786
0.6728
0.6764
0.693
0.6786
0.6748
0.6792
0.685
0.6734
0.6856
0.6614
0.6808
0.675
0.6746
0.6824
0.6768
0.6758
0.6856
0.6786
0.674
0.6874
0.6734
0.6812
0.681
0.6834
0.6732
0.6792
0.675
0.6836
0.674
0.6896
0.6806
0.6814
0.6888
0.6842
0.6794
0.6846
0.6812
0.676
0.6706
0.6824
0.6694
0.6824
0.6784
0.6792
0.6924
0.67
0.6828
0.6776
0.6786
0.6766
0.6738
0.6804
0.6852
0.686
0.6884
0.6784
0.6808
0.6794
0.6696
0.6796
0.6906
0.6712
0.689
0.6752
0.6878
0.6838
0.6814
0.6906
0.6822
0.6718
0.6828
0.6848
0.6708
0.6772
0.6886
0.6808
0.6626
0.6872
0.6774
0.6854
0.6834
0.6798
0.6722
0.6882
0.6788