0.6072
0.6096
0.6076
0.6164
0.6198
0.6164
0.6266
0.6214
0.6174
0.6256
0.6342
0.6372
0.622
0.6396
0.6408
0.6292
0.6346
0.6476
0.635
0.6362
0.6344
0.6468
0.6606
0.6502
0.6586
0.6468
0.6416
0.6574
0.6494
0.6652
0.6546
0.6576
0.6618
0.659
0.6552
0.6604
0.6566
0.6664
0.6566
0.6634
0.6786
0.6638
0.667
0.668
0.6658
0.6686
0.6544
0.6836
0.679
0.68
0.672
0.6632
0.6712
0.6796
0.6604
0.6652
0.6898
0.6738
0.6856
0.6924
0.6794
0.6912
0.6794
0.6848
0.6846
0.684
0.6764
0.6788
0.6832
0.7004
0.6838
0.687
0.6842
0.6838
0.6756
0.6872
0.6972
0.6924
0.6816
0.6896
0.6984
0.7038
0.7032
0.6918
0.6966
0.6846
0.7006
0.6922
0.7106
0.6922
0.6964
0.705
0.6976
0.7068
0.7144
0.702
0.6962
0.7046
0.7126
0.6994
0.6976
0.7026
0.7004
0.7026
0.7122
0.704
0.6982
0.6958
0.7066
0.7026
0.7118
0.7078
0.7108
0.7014
0.7026
0.7196
0.7138
0.7154
0.699
0.7182
0.7046
0.7104
0.7032
0.7284
0.7174
0.7076
0.7182
0.7132
0.709
0.7224
0.7206
0.7182
0.7238
0.7188
0.725
0.7138
0.7214
0.7176
0.7286
0.719
0.7152
0.7188
0.7172
0.7172
0.7314
0.726
0.7172
0.7228
0.7248
0.7378
0.7232
0.7302
0.7342
0.7312
0.7318
0.727
0.726
0.7264
0.7428
0.722
0.73
0.7278
0.7422
0.7372
0.7392
0.7308
0.728
0.7316
0.7412
0.7326
0.7412
0.7376
0.7258
0.7224
0.7442
0.7398
0.7432
0.729
0.7316
0.7432
0.7262
0.7468
0.7294
0.7432
0.7434
0.7382
0.7564
0.7302
0.7402
0.7462
0.726
0.7444
0.729
0.7402
0.7414
0.7436
0.7498
0.7364
0.7484
0.7334
0.74
0.7444
0.7528
0.7452
0.7476
0.7494
0.7446
0.7534
0.7398
0.7442
0.7446
0.7356
0.7456
0.7468
0.7546
0.7512
0.7506
0.7548
0.7564
0.7446
0.7644
0.7368
0.7494
0.7632
0.743
0.7544
0.7626
0.7566
0.7518
0.7642
0.7586
0.7538
0.7546
0.7568
0.7614
0.763
0.7512
0.7466
0.7516
0.7592
0.7486
0.7528
0.7524
0.7436
0.7576
0.7646
0.764
0.7662
0.7602
0.7666
0.7646
0.7644
0.7646
0.7508
0.756
0.7592
0.763
0.7586
0.7628
0.7602
0.76
0.7614
0.7536
0.7594
0.7604
0.7628
0.7534
0.7712
0.7678
0.767
0.761
0.7664
0.7832
0.7618
0.771
0.7658
0.7656
0.769
0.776
0.7748
0.7594
0.7698
0.7738
0.7824
0.7662
0.7678
0.771
0.7788
0.7676
0.757
0.777
0.7672
0.7642
0.7668
0.7754
0.7888
0.7808
0.7754
0.779
0.7732