0.24891314
0.2846771
0.31840047
0.33786395
0.36117807
0.37291414
0.39014104
0.4060065
0.41130292
0.43713692
0.4536896
0.45976412
0.47306588
0.48058784
0.49333316
0.50023615
0.5080371
0.5213659
0.52247655
0.53057945
0.5444248
0.5501157
0.5594283
0.56767356
0.56872576
0.5767043
0.58135
0.59519523
0.59991807
0.60074514
0.6106455
0.6131284
0.617386
0.62510765
0.6345516
0.6395943
0.6437943
0.65167385
0.65612024
0.65289605
0.6691598
0.6754483
0.675492
0.67939126
0.68863326
0.6910449
0.6928537
0.6911829
0.7005045
0.7057715
0.71468186
0.70887494
0.7170976
0.7243568
0.72765267
0.72639185
0.7358093
0.74010324
0.74541205
0.7493562
0.75295293
0.76068735
0.75474924
0.758279
0.76539105
0.7704276
0.77108455
0.7782864
0.7781459
0.782195
0.7877978
0.7872791
0.79836
0.7882254
0.79699194
0.8041586
0.8048545
0.8044521
0.8128369
0.8131599
0.81425947
0.8176736
0.82139695
0.82665235
0.8325922
0.8287439
0.83778006
0.8379683
0.8449095
0.8454478
0.8436842
0.85087013
0.8536408
0.8588535
0.8568345
0.86143214
0.8640218
0.86343086
0.87394446
0.8691937
0.8704424
0.869968
0.88371426
0.88218117
0.87897384
0.8882512
0.8921836
0.89268506
0.894462
0.8994714
0.8996928
0.8981256
0.9024626
0.90921485
0.9108087
0.9071813
0.90896505
0.92046845
0.9178958
0.9191249
0.9213384
0.9279591
0.92560077
0.92817265
0.93444866
0.9344371
0.9339801
0.93411016
0.9391215
0.94145304
0.9420844
0.9483872
0.9477986
0.9472743
0.9524583
0.9524121
0.94918203
0.953674
0.95827013
0.9618715
0.960475
0.9727309
0.96600527
0.96980476
0.97268134
0.96850276
0.9758718
0.975697
0.98036766
0.98121154
0.9842164
0.98893416
0.9907207
0.9911877
0.9866515
0.9947468
0.9906335
1.0004138
1.0002973
0.995527
0.9954208
1.0054312
1.0103556
1.0074326
1.0086572
1.0121015
1.0067499
1.0130463
1.0182346
1.0145291
1.0194808
1.0236058
1.0282698
1.0276895
1.0261496
1.0321158
1.0309354
1.0276654
1.0358793
1.033062
1.0369158
1.0357273
1.0368285
1.0380498
1.0408441
1.0456897
1.0452765
1.0482721
1.0506227
1.0535378
1.0548264
1.056574
1.0535111
1.0579786
1.0548608
1.060167
1.0634954
1.0672475
1.062882
1.0633197
1.0637381
1.0701119
1.0733948
1.0699366
1.0746704
1.0784895
1.0710733
1.0769904
1.0770435
1.078144
1.0840554
1.0819579
1.0807736
1.0883279
1.0874712
1.0909195
1.0868628
1.0926869
1.1000302
1.092733
1.0948235
1.0947019
1.0953007
1.1004212
1.1002744
1.1026295
1.1043408
1.103664
1.1077424
1.1018144
1.1108683
1.1156216
1.1084182
1.1134914
1.1147192
1.1186593
1.1166488
1.1129124
1.1174911
1.1240311
1.1214176
1.1245258
1.1261852
1.1254674
1.1277153
1.1301396
1.1315031
1.1301209
1.1325805
1.1370044
1.1338562
1.1331072
1.1355428
1.1355716
1.1425956
1.1464171
1.140221
1.1451203
1.1458282
1.145773
1.147195
1.1488435
1.1492203
1.1531631
1.1518823
1.157299
1.1507066
1.1597229
1.1573029
1.1603731
1.15702
1.162095
1.1599039
1.1611629
1.164704
1.1676626
1.168045
1.1683303
1.1698946
1.1701493
1.1762216
1.1744611
1.1719795
1.1756272
1.1751206
1.1736499
1.1779777
1.1779522
1.1826817
1.1811733
1.1794575
1.1834775
1.1869382
1.1896282
1.1873237
1.1914278
1.1915482
1.1925191
1.1894666
1.1935314